[gd_scene load_steps=45 format=3 uid="uid://dewdjf5vhfomt"]

[ext_resource type="Material" uid="uid://yaq2oyu01vsn" path="res://assets/sky.tres" id="1_0dwx2"]
[ext_resource type="Script" uid="uid://gkx7trnu0yaw" path="res://src/environment.gd" id="1_00014"]
[ext_resource type="Shader" uid="uid://3cqus7h8uoq6" path="res://shaders/terrain.gdshader" id="3_dm4p5"]
[ext_resource type="PackedScene" uid="uid://duncyhaso1fl8" path="res://assets/ocean/ocean.tscn" id="3_wetts"]
[ext_resource type="PackedScene" uid="uid://dlh03lyg72703" path="res://assets/BeachItems/PalmTree/palm_tree.tscn" id="4_2eiut"]
[ext_resource type="Texture2D" uid="uid://b15e4rs0nwdis" path="res://assets/Textures/sand/packed_albedo_height.png" id="4_dm4p5"]
[ext_resource type="PackedScene" uid="uid://btoetnndwvog3" path="res://assets/UnderwaterItems/Algae/algae.tscn" id="5_3gbvy"]
[ext_resource type="Texture2D" uid="uid://dsrfcoy2pc0oa" path="res://assets/Textures/sand/packed_normal_roughness.png" id="5_pk5nr"]
[ext_resource type="Texture2D" uid="uid://x40t24djtuh4" path="res://assets/Textures/beach_sand/packed_albedo_height.png" id="6_poig3"]
[ext_resource type="Texture2D" uid="uid://1dt583dk42v3" path="res://assets/Textures/beach_sand/packed_normal_roughness.png" id="7_2eiut"]
[ext_resource type="PackedScene" uid="uid://d0yyapkkt3l03" path="res://assets/BeachItems/Cooler/Cooler.tscn" id="10_oqxhg"]
[ext_resource type="PackedScene" uid="uid://bv6bpx1oc3al8" path="res://assets/BeachItems/Chair/chair.tscn" id="11_4sbom"]
[ext_resource type="PackedScene" uid="uid://b1uft6dcgbyvw" path="res://assets/BeachItems/Umbrella/umbrella.tscn" id="12_2bfpd"]
[ext_resource type="PackedScene" uid="uid://g3nl1s7ycf7k" path="res://assets/BeachItems/Volleyball/Volleyball.tscn" id="13_3jj1w"]
[ext_resource type="Texture2D" uid="uid://dy7c1f575fhu7" path="res://assets/cutouts/judges.png" id="15_4nqy1"]
[ext_resource type="Script" uid="uid://ct4dcc7cw26vf" path="res://addons/proton_scatter/src/scatter.gd" id="15_rn5b3"]
[ext_resource type="Script" uid="uid://dj546c7ln8pbw" path="res://addons/proton_scatter/src/stack/modifier_stack.gd" id="16_4nqy1"]
[ext_resource type="PackedScene" uid="uid://cbaprthc6p45h" path="res://assets/cutouts/crowd_1.tscn" id="16_yma5d"]
[ext_resource type="PackedScene" uid="uid://vsky1c3yqk8e" path="res://assets/cutouts/crowd_2.tscn" id="17_454qq"]
[ext_resource type="Script" uid="uid://bo06cxeh2vnnx" path="res://addons/proton_scatter/src/modifiers/base_modifier.gd" id="17_pgkm7"]
[ext_resource type="Script" uid="uid://6n4yxmtnp8nv" path="res://addons/proton_scatter/src/modifiers/create_inside_random.gd" id="18_yma5d"]
[ext_resource type="Script" uid="uid://52oxbqpt1i6r" path="res://addons/proton_scatter/src/modifiers/randomize_transforms.gd" id="19_454qq"]
[ext_resource type="Script" uid="uid://dxw8pg1qcoq4d" path="res://addons/proton_scatter/src/modifiers/relax.gd" id="20_4yb3k"]
[ext_resource type="Script" uid="uid://bhgpjpw1wsdwu" path="res://addons/proton_scatter/src/modifiers/project_on_geometry.gd" id="21_8ga8t"]
[ext_resource type="Script" uid="uid://cgerg0yvtdew7" path="res://addons/proton_scatter/src/scatter_item.gd" id="22_p6ops"]
[ext_resource type="Script" uid="uid://cn1fbkrkeyw74" path="res://addons/proton_scatter/src/scatter_shape.gd" id="23_kbuwq"]
[ext_resource type="Script" uid="uid://b5gohresrj66o" path="res://addons/proton_scatter/src/shapes/sphere_shape.gd" id="24_kmgvs"]

[sub_resource type="Sky" id="Sky_0dwx2"]
sky_material = ExtResource("1_0dwx2")

[sub_resource type="Environment" id="Environment_7b2gm"]
background_mode = 2
sky = SubResource("Sky_0dwx2")
tonemap_mode = 4
glow_enabled = true
fog_enabled = true
fog_mode = 1
fog_light_color = Color(0.6, 0.8, 1, 1)
fog_light_energy = 1.5
fog_density = 1.0
fog_sky_affect = 0.0
fog_depth_begin = 200.0
fog_depth_end = 800.0

[sub_resource type="Gradient" id="Gradient_pk5nr"]
offsets = PackedFloat32Array(0.2, 1)
colors = PackedColorArray(1, 1, 1, 1, 0, 0, 0, 1)

[sub_resource type="FastNoiseLite" id="FastNoiseLite_poig3"]
noise_type = 2
frequency = 0.03
cellular_jitter = 3.0
cellular_return_type = 0
domain_warp_enabled = true
domain_warp_type = 1
domain_warp_amplitude = 50.0
domain_warp_fractal_type = 2
domain_warp_fractal_lacunarity = 1.5
domain_warp_fractal_gain = 1.0

[sub_resource type="NoiseTexture2D" id="NoiseTexture2D_2eiut"]
seamless = true
color_ramp = SubResource("Gradient_pk5nr")
noise = SubResource("FastNoiseLite_poig3")

[sub_resource type="Terrain3DMaterial" id="Terrain3DMaterial_00014"]
_shader_parameters = {
&"bias_distance": 512.0,
&"blend_sharpness": 0.87,
&"depth_blur": 0.0,
&"enable_macro_variation": true,
&"enable_projection": true,
&"height_blending": true,
&"macro_variation1": Color(0.930785, 0.90087, 0.893678, 1),
&"macro_variation2": Color(0.880406, 0.899243, 0.903766, 1),
&"macro_variation_slope": 0.333,
&"mipmap_bias": 1.0,
&"noise1_angle": 0.0,
&"noise1_offset": Vector2(0.5, 0.5),
&"noise1_scale": 0.04,
&"noise2_scale": 0.076,
&"noise3_scale": 0.225,
&"noise_texture": SubResource("NoiseTexture2D_2eiut"),
&"projection_angular_division": 2.0,
&"projection_threshold": 0.8,
&"world_space_normal_blend": true
}
world_background = 0
shader_override_enabled = true
shader_override = ExtResource("3_dm4p5")

[sub_resource type="Terrain3DMeshAsset" id="Terrain3DMeshAsset_dm4p5"]
name = "palm_tree"
scene_file = ExtResource("4_2eiut")
density = 0.05
last_lod = 0
last_shadow_lod = 0
lod0_range = 256.0

[sub_resource type="Terrain3DMeshAsset" id="Terrain3DMeshAsset_7q7v2"]
name = "algae"
id = 1
scene_file = ExtResource("5_3gbvy")
density = 7.03507
last_lod = 0
last_shadow_lod = 0
lod0_range = 128.0

[sub_resource type="Terrain3DTextureAsset" id="Terrain3DTextureAsset_pk5nr"]
name = "environment"
albedo_texture = ExtResource("4_dm4p5")
normal_texture = ExtResource("5_pk5nr")
roughness = 0.3

[sub_resource type="Terrain3DTextureAsset" id="Terrain3DTextureAsset_oqxhg"]
name = "packed_albedo_height"
id = 1
albedo_texture = ExtResource("6_poig3")
normal_texture = ExtResource("7_2eiut")

[sub_resource type="Terrain3DAssets" id="Terrain3DAssets_pk5nr"]
mesh_list = Array[Terrain3DMeshAsset]([SubResource("Terrain3DMeshAsset_dm4p5"), SubResource("Terrain3DMeshAsset_7q7v2")])
texture_list = Array[Terrain3DTextureAsset]([SubResource("Terrain3DTextureAsset_pk5nr"), SubResource("Terrain3DTextureAsset_oqxhg")])

[sub_resource type="Resource" id="Resource_yma5d"]
script = ExtResource("18_yma5d")
amount = 2000
enabled = true
override_global_seed = false
custom_seed = 0
restrict_height = true
reference_frame = 1

[sub_resource type="Resource" id="Resource_454qq"]
script = ExtResource("19_454qq")
position = Vector3(0.15, 0.15, 0.15)
rotation = Vector3(20, 360, 20)
scale = Vector3(0.1, 0.1, 0.1)
enabled = true
override_global_seed = false
custom_seed = 0
restrict_height = false
reference_frame = 2

[sub_resource type="Resource" id="Resource_4yb3k"]
script = ExtResource("20_4yb3k")
iterations = 3
offset_step = 0.2
consecutive_step_multiplier = 0.75
use_computeshader = true
enabled = true
override_global_seed = false
custom_seed = 0
restrict_height = true
reference_frame = 0

[sub_resource type="Resource" id="Resource_8ga8t"]
script = ExtResource("21_8ga8t")
ray_direction = Vector3(0, -1, 0)
ray_length = 100.0
ray_offset = 5.0
remove_points_on_miss = true
align_with_collision_normal = true
max_slope = 90.0
collision_mask = 1
exclude_mask = 0
enabled = true
override_global_seed = false
custom_seed = 0
restrict_height = false
reference_frame = 0

[sub_resource type="Resource" id="Resource_p6ops"]
script = ExtResource("16_4nqy1")
stack = Array[ExtResource("17_pgkm7")]([SubResource("Resource_yma5d"), SubResource("Resource_454qq"), SubResource("Resource_4yb3k"), SubResource("Resource_8ga8t")])

[sub_resource type="Resource" id="Resource_g8bsm"]
script = ExtResource("24_kmgvs")
radius = 750.0

[node name="Environment" type="Node3D"]
script = ExtResource("1_00014")

[node name="WorldEnvironment" type="WorldEnvironment" parent="."]
environment = SubResource("Environment_7b2gm")

[node name="DirectionalLight3D" type="DirectionalLight3D" parent="."]
transform = Transform3D(0.782608, 0.311257, 0.539113, -7.57103e-08, -0.866025, 0.5, 0.622514, -0.391304, -0.677758, 0, 0, 0)
light_specular = 5.0
light_bake_mode = 0
shadow_enabled = true
directional_shadow_split_1 = 0.01
directional_shadow_split_2 = 0.03
directional_shadow_split_3 = 0.09
directional_shadow_blend_splits = true
directional_shadow_max_distance = 750.0

[node name="Terrain3D" type="Terrain3D" parent="."]
data_directory = "res://data/terrain"
material = SubResource("Terrain3DMaterial_00014")
assets = SubResource("Terrain3DAssets_pk5nr")
collision_mode = 2
collision_shape_size = 64
collision_radius = 80
unique_name_in_owner = true
top_level = true
metadata/_edit_lock_ = true

[node name="Beach" type="Node3D" parent="."]
unique_name_in_owner = true
transform = Transform3D(1, 0, 0, 0, 1, 0, 0, 0, 1, -1024, 100, 1024)

[node name="Ocean" parent="Beach" instance=ExtResource("3_wetts")]
unique_name_in_owner = true
transform = Transform3D(1, 0, 0, 0, 1, 0, 0, 0, 1, 0, 0, -128)

[node name="Cooler" parent="Beach" instance=ExtResource("10_oqxhg")]
transform = Transform3D(0.998297, -0.041404, 0.0410995, 0.0370421, 0.994121, 0.101743, -0.0450705, -0.100048, 0.993961, 17.4924, 5.30006, -82.2677)

[node name="Cooler2" parent="Beach" instance=ExtResource("10_oqxhg")]
transform = Transform3D(-0.443498, -0.0531103, 0.8947, -0.174781, 0.984203, -0.0282146, -0.879068, -0.16889, -0.445775, 17.4806, 4.15188, -91.0119)

[node name="Chair" parent="Beach" instance=ExtResource("11_4sbom")]
transform = Transform3D(0.960905, -0.0402749, -0.273932, 0.0644946, 0.994707, 0.0799887, 0.26926, -0.0945287, 0.958417, 17.1148, 5.40555, -81.0066)

[node name="Chair2" parent="Beach" instance=ExtResource("11_4sbom")]
transform = Transform3D(0.555873, -0.0371485, 0.830437, -0.0494954, 0.995749, 0.0776744, -0.829793, -0.0842799, 0.551671, 17.474, 5.52878, -79.7618)

[node name="Chair3" parent="Beach" instance=ExtResource("11_4sbom")]
transform = Transform3D(-0.0695373, -0.051868, 0.99623, -0.161307, 0.98609, 0.0400807, -0.984451, -0.157912, -0.0769367, 14.0946, 4.24584, -89.3073)

[node name="Chair4" parent="Beach" instance=ExtResource("11_4sbom")]
transform = Transform3D(-0.399413, -0.0522044, 0.915284, -0.162934, 0.986526, -0.0148335, -0.902176, -0.155055, -0.402537, 15.766, 4.25133, -89.8389)

[node name="Chair5" parent="Beach" instance=ExtResource("11_4sbom")]
transform = Transform3D(-0.183845, -0.042859, 0.98202, -0.217194, 0.976127, 0.0019407, -0.958659, -0.212932, -0.188765, 22.1305, 3.01743, -97.9841)

[node name="Chair6" parent="Beach" instance=ExtResource("11_4sbom")]
transform = Transform3D(-0.361964, -0.0345274, 0.931552, -0.217258, 0.974919, -0.0482832, -0.906521, -0.219864, -0.360387, 24.0494, 2.94193, -98.6653)

[node name="Chair7" parent="Beach" instance=ExtResource("11_4sbom")]
transform = Transform3D(0.0236791, -0.0258484, 0.999385, -0.220268, 0.974964, 0.0304357, -0.975152, -0.220853, 0.0173928, 26.712, 2.96951, -98.9129)

[node name="Umbrella" parent="Beach" instance=ExtResource("12_2bfpd")]
transform = Transform3D(0.999269, -0.0382263, -0.000883596, 0.0381535, 0.99531, 0.0888918, -0.00251855, -0.0888605, 0.996041, 17.4633, 5.46853, -80.4489)

[node name="Umbrella2" parent="Beach" instance=ExtResource("12_2bfpd")]
transform = Transform3D(0.998611, -0.0526054, -0.00305438, 0.0524442, 0.986566, 0.154713, -0.0051254, -0.154658, 0.987955, 14.8375, 4.22781, -89.6732)

[node name="Volleyball" parent="Beach" instance=ExtResource("13_3jj1w")]
transform = Transform3D(0.892875, -0.0213133, -0.4498, 0.11796, 0.975069, 0.187953, 0.43458, -0.220877, 0.873129, 27.6489, 3.02625, -98.7588)

[node name="Volleyball2" parent="Beach" instance=ExtResource("13_3jj1w")]
transform = Transform3D(0.974222, -0.0453158, -0.220991, 0.0692486, 0.992394, 0.10178, 0.214698, -0.11446, 0.96995, 17.2557, 5.10978, -84.002)

[node name="Crowd1" parent="Beach" instance=ExtResource("16_yma5d")]
transform = Transform3D(0.813583, -0.0212304, -0.581061, 0.0602638, 0.99703, 0.0479506, 0.578317, -0.0740287, 0.812446, 30.7675, 5.995, -79.2043)

[node name="Crowd2" parent="Beach" instance=ExtResource("17_454qq")]
transform = Transform3D(0.923013, -0.0325569, 0.38339, -0.00101931, 0.996203, 0.0870502, -0.384768, -0.0807392, 0.919475, 24.9147, 5.76748, -80.1518)

[node name="Judges" type="Node3D" parent="Beach"]
transform = Transform3D(0.948748, -0.0329681, 0.314308, 0.00718144, 0.996536, 0.0828503, -0.315951, -0.0763469, 0.945699, 24.5797, 5.82111, -79.3134)

[node name="Sprite3D" type="Sprite3D" parent="Beach/Judges"]
transform = Transform3D(1, 7.45058e-09, 0, 3.72529e-09, 1, -7.45058e-09, 0, 0, 1, 0, 1.46998, 0)
pixel_size = 0.003
alpha_cut = 1
texture_filter = 0
texture = ExtResource("15_4nqy1")

[node name="Underwater" type="Node3D" parent="."]
unique_name_in_owner = true

[node name="ProtonScatter" type="Node3D" parent="Underwater"]
script = ExtResource("15_rn5b3")
render_mode = 1
keep_static_colliders = true
modifier_stack = SubResource("Resource_p6ops")
Performance/use_chunks = true
Performance/chunk_dimensions = Vector3(15, 15, 15)
metadata/_custom_type_script = "uid://ct4dcc7cw26vf"

[node name="ScatterItem" type="Node3D" parent="Underwater/ProtonScatter"]
script = ExtResource("22_p6ops")
path = "uid://c3o5h4stwhocv"

[node name="ScatterItem2" type="Node3D" parent="Underwater/ProtonScatter"]
script = ExtResource("22_p6ops")
path = "uid://doub5p4oiycg0"

[node name="ScatterItem3" type="Node3D" parent="Underwater/ProtonScatter"]
script = ExtResource("22_p6ops")
path = "uid://chavdoc1obqn6"

[node name="ScatterItem4" type="Node3D" parent="Underwater/ProtonScatter"]
script = ExtResource("22_p6ops")
proportion = 7
path = "uid://cwjwsut8ju6wt"

[node name="ScatterShape" type="Node3D" parent="Underwater/ProtonScatter"]
transform = Transform3D(1, 0, -2.98023e-08, 0, 1, 0, 2.98023e-08, 0, 1, 77.2988, -68.8464, -1629.54)
script = ExtResource("23_kbuwq")
shape = SubResource("Resource_g8bsm")
